	lastFPPositionNumber	resultsFinalPositionNumber	resultsStartingGridPositionNumber	grandPrixLaps	averagePracticePosition	DNF	resultsTop10	resultsTop5	resultsPodium	constructorTotalRaceStarts	constructorTotalRaceWins	constructorTotalPolePositions	turns	positionsGained	q1End	q2End	q3Top10	streetRace	trackRace	driverBestStartingGridPosition	driverBestRaceResult	driverTotalChampionshipWins	driverTotalRaceEntries	driverTotalRaceStarts	driverTotalRaceWins	driverTotalRaceLaps	driverTotalPodiums	driverTotalPolePositions	yearsActive
lastFPPositionNumber	1.0	0.6525108427931706	0.698938986137975	-0.0019679556096824577	0.8886944856608577	0.06059974926933085	-0.49095665905983643	-0.5280828713036779	-0.4523188134822889	-0.21670158397019296	-0.4371781336084517	-0.43775222204535025	0.0020486501546601813	0.17731568378293303	0.5027867306055436	0.1889981549796279	-0.6080058633499175	0.008343852967000956	-0.008428913380836432	0.4608233725620654	0.46047425842610656	-0.35362423587917446	-0.38595574524778076	-0.3871169596561143	-0.39671587728731406	-0.3965474797999334	-0.4450663230011832	-0.4124727069959618	-0.39659562270026927
resultsFinalPositionNumber	0.6525108427931706	1.0	0.7440644885292603	0.0025564520918808227	0.7176984849165767	0.22488645728995657	-0.8510871904487921	-0.7744461448475938	-0.6456314346818888	-0.22315372878688455	-0.4710313059698617	-0.4657793235450756	-0.016509397010784282	-0.18852850831721582	0.5191660572625578	0.22488232912785114	-0.6509932890766249	-0.02600605156289836	0.026676731064866007	0.4783425093115562	0.4855865815785476	-0.4053648433175449	-0.41580830228947446	-0.41742786953029365	-0.45126372981886664	-0.4286936261187078	-0.49318814152769597	-0.45980796140379265	-0.42682554379835286
resultsStartingGridPositionNumber	0.698938986137975	0.7440644885292603	1.0	-0.0047924491185794334	0.7431303403279982	0.10001130138563653	-0.5690804878140079	-0.5933497008929137	-0.5236053349445292	-0.2024795774988795	-0.43917034468371385	-0.4389693575096899	0.00457293696430554	0.5038638046659459	0.6697161244970208	0.2699328662331984	-0.8413249423554349	-0.00975605406961675	0.006777624507432692	0.4768964658118274	0.4739735234191318	-0.36297729742511475	-0.38895947146043447	-0.39045885442442374	-0.4111375533469968	-0.40164603242441665	-0.4568045705947037	-0.43088317209068216	-0.41175557248674294
grandPrixLaps	-0.0019679556096824577	0.0025564520918808227	-0.0047924491185794334	1.0	-0.0029006634965826786	0.0020063256368011598	0.0003635894921588871	0.0005215984276175738	0.00037973231625375683	0.0035206352253965736	0.0006548565626441792	0.0010842148240872045	-0.3711996986480321	-0.0007317244166833468	0.00026300354461397104	0.0005215984276176533	0.0009012823684194848	0.07318504578494452	-0.01797694257979705	0.002290535552669625	0.0007892865690321348	-0.0015424661394757646	0.005832351255132122	0.005815960059051412	-0.0012472314163378534	0.005460374277815868	0.0004684539772553598	-0.0011148289602010677	-0.0015373766747985814
averagePracticePosition	0.8886944856608577	0.7176984849165767	0.7431303403279982	-0.0029006634965826786	1.0	0.07848068348889116	-0.5383420941249719	-0.5759854958403217	-0.49045857519224817	-0.21076310946668625	-0.47098492974706135	-0.4688896832461163	0.005117518473163474	0.15886127412421397	0.5470689900568015	0.19352578229038256	-0.6516592185416803	0.013795105671505775	-0.013798896225431461	0.5326592534286916	0.5271945533951415	-0.3973002023228308	-0.44701169977353156	-0.448225222675075	-0.4457358945696583	-0.4582349564699025	-0.5004211011385843	-0.46213350657927144	-0.4671075175450989
DNF	0.06059974926933085	0.22488645728995657	0.10001130138563653	0.0020063256368011598	0.07848068348889116	1.0	-0.44246564419825163	-0.25642445262260327	-0.18668125934204174	0.00819439615803932	-0.03559149625914994	-0.03744344456495847	0.00497821763488563	-0.24240760261227068	0.04203039595981464	0.05524512406943648	-0.09153413822259802	0.02732047241684254	-0.029579571423027445	0.039595025443058596	0.047983676099321054	-0.060048942765640385	-0.026350546606856606	-0.02705339290449991	-0.06687124016921682	-0.03385628099219016	-0.06774038584217218	-0.07696209720241416	-0.04250225063085974
resultsTop10	-0.49095665905983643	-0.8510871904487921	-0.5690804878140079	0.0003635894921588871	-0.5383420941249719	-0.44246564419825163	1.0	0.5795352836653455	0.4219113094764865	0.15297124483014785	0.3297782432391483	0.3253435561884065	-0.0012850523317575414	0.17102401692249034	-0.422081286858968	-0.17550463385632425	0.5309388580202049	0.0010572003613872752	-0.0006081791923661871	-0.37375716999010267	-0.38278740141303713	0.27354037329481556	0.31599861489345465	0.3170935689466536	0.310849942903727	0.3267377714864904	0.3479288172922484	0.32308516288365186	0.33774829644998644
resultsTop5	-0.5280828713036779	-0.7744461448475938	-0.5933497008929137	0.0005215984276175738	-0.5759854958403217	-0.25642445262260327	0.5795352836653455	1.0	0.7280166046285502	0.21700960203384953	0.45302695090136286	0.45610887144552476	-0.00041308983804324526	0.07010081990941465	-0.30325706886562337	-0.26550245539769374	0.501400217758001	0.001410675605012859	-0.0010588311608016826	-0.29680454836825093	-0.3076960448672976	0.3913399378405195	0.287077477236444	0.2893674779703435	0.43028969290782865	0.3048781825831988	0.45552828525743483	0.44792517036865503	0.2817135172065481
resultsPodium	-0.4523188134822889	-0.6456314346818888	-0.5236053349445292	0.00037973231625375683	-0.49045857519224817	-0.18668125934204174	0.4219113094764865	0.7280166046285502	1.0	0.13309421165996982	0.3442541774330395	0.34932532483063355	-0.0003007362612987877	0.017573123975998587	-0.2299409532615262	-0.21772564169803985	0.3952611432260508	0.0010269952641938443	-0.0007708466665617824	-0.22717325349853307	-0.2319026491962376	0.4112981505857911	0.24497962603954976	0.24728160226368368	0.44016765885902204	0.26192827693671356	0.4379853350513278	0.44822893241438033	0.22799956735214114
constructorTotalRaceStarts	-0.21670158397019296	-0.22315372878688455	-0.2024795774988795	0.0035206352253965736	-0.21076310946668625	0.00819439615803932	0.15297124483014785	0.21700960203384953	0.13309421165996982	1.0	0.8883108506482039	0.8858378147268291	-8.876412029627276e-05	-0.026819451386482698	-0.10633797977683652	-0.10529755633848428	0.1856768214834838	-0.0046207653524462785	0.0009269122355950986	-0.169428972708252	-0.17560096194373184	0.02902223668332183	0.08231674311698367	0.08247804675950127	0.05234533104369405	0.08648230626595534	0.1436676581067706	0.1129576202632601	-0.04222894388262112
constructorTotalRaceWins	-0.4371781336084517	-0.4710313059698617	-0.43917034468371385	0.0006548565626441792	-0.47098492974706135	-0.03559149625914994	0.3297782432391483	0.45302695090136286	0.3442541774330395	0.8883108506482039	1.0	0.9902031799963862	-0.0013171163743988291	-0.05411341874130342	-0.24617567381091604	-0.19313252386251784	0.38601890532847827	-0.0008393971465629022	0.0005426891236571692	-0.3138879741970122	-0.320468148535881	0.2627296572045518	0.24986238979001502	0.25119102230032714	0.30199373603641255	0.2642402922978004	0.39024475469503467	0.3574858276304814	0.13577232790780958
constructorTotalPolePositions	-0.43775222204535025	-0.4657793235450756	-0.4389693575096899	0.0010842148240872045	-0.4688896832461163	-0.03744344456495847	0.3253435561884065	0.45610887144552476	0.34932532483063355	0.8858378147268291	0.9902031799963862	1.0	-0.0015276376689495712	-0.05851481210767545	-0.23710672500935462	-0.19889554736833856	0.3828401441989894	-0.0017882917625355102	0.0010777089058759284	-0.3020797948684843	-0.3077434602670688	0.273479402128119	0.25135112416905375	0.25264548716956353	0.31147191625569315	0.26678139172435344	0.4005833706223927	0.38421850288812204	0.12845055370236746
turns	0.0020486501546601813	-0.016509397010784282	0.00457293696430554	-0.3711996986480321	0.005117518473163474	0.00497821763488563	-0.0012850523317575414	-0.00041308983804324526	-0.0003007362612987877	-8.876412029627276e-05	-0.0013171163743988291	-0.0015276376689495712	1.0	0.012990169912661016	-0.0022875466005076403	-0.0004130898380433085	-0.0007137877874789348	0.3764255881518469	-0.3913657973209441	0.0006387938588001238	0.008045670338698902	-0.000901192695535707	-0.0030287243435460206	-0.00305737892637053	-0.0011875583089700462	-0.0032296787844578734	-0.0029644514834402877	-0.0021264844572837518	-0.005194484788088929
positionsGained	0.17731568378293303	-0.18852850831721582	0.5038638046659459	-0.0007317244166833468	0.15886127412421397	-0.24240760261227068	0.17102401692249034	0.07010081990941465	0.017573123975998587	-0.026819451386482698	-0.05411341874130342	-0.05851481210767545	0.012990169912661016	1.0	0.3199231026439708	0.1038354554216709	-0.39986592041501534	0.006436415742054498	-0.008517104335259533	0.07806643008865893	0.067778045774901	-0.012012574418134612	-0.03730052569351482	-0.03736813457401685	-0.022097879673238667	-0.039147514640237635	-0.0354237271508053	-0.03706229472458677	-0.05127755140982655
q1End	0.5027867306055436	0.5191660572625578	0.6697161244970208	0.00026300354461397104	0.5470689900568015	0.04203039595981464	-0.422081286858968	-0.30325706886562337	-0.2299409532615262	-0.10633797977683652	-0.24617567381091604	-0.23710672500935462	-0.0022875466005076403	0.3199231026439708	1.0	-0.3221400962542204	-0.5566335585806502	-0.011985889672073764	0.010230776760707246	0.44558320774795784	0.433009917465137	-0.19060690015842408	-0.3290439986535201	-0.32917796856141107	-0.22571364853045353	-0.3318103577878355	-0.2718653814149937	-0.23197761372774436	-0.3679955858092715
q2End	0.1889981549796279	0.22488232912785114	0.2699328662331984	0.0005215984276176533	0.19352578229038256	0.05524512406943648	-0.17550463385632425	-0.26550245539769374	-0.21772564169803985	-0.10529755633848428	-0.19313252386251784	-0.19889554736833856	-0.0004130898380433085	0.1038354554216709	-0.3221400962542204	1.0	-0.5704654520829874	0.001410675605012903	-0.0010588311608016765	0.015574982334051912	0.022502685018006913	-0.13744330085704207	-0.046191719459919636	-0.04736880838358937	-0.15260866652325553	-0.055179211263670126	-0.1550204084800506	-0.16260230642893364	-0.0421316396269998
q3Top10	-0.6080058633499175	-0.6509932890766249	-0.8413249423554349	0.0009012823684194848	-0.6516592185416803	-0.09153413822259802	0.5309388580202049	0.501400217758001	0.3952611432260508	0.1856768214834838	0.38601890532847827	0.3828401441989894	-0.0007137877874789348	-0.39986592041501534	-0.5566335585806502	-0.5704654520829874	1.0	0.0024375400366229063	-0.0018295796264616593	-0.4107246227291758	-0.4071286958744634	0.2848386593777084	0.3322374168908328	0.333404816128263	0.32968252494934236	0.3425424519384621	0.37382783897001065	0.34517281278293566	0.36633116782424147
streetRace	0.008343852967000956	-0.02600605156289836	-0.00975605406961675	0.07318504578494452	0.013795105671505775	0.02732047241684254	0.0010572003613872752	0.001410675605012859	0.0010269952641938443	-0.0046207653524462785	-0.0008393971465629022	-0.0017882917625355102	0.3764255881518469	0.006436415742054498	-0.011985889672073764	0.001410675605012903	0.0024375400366229063	1.0	-0.9175641605134366	-0.005152122844633993	0.010485443627921838	-0.006996013294075983	-0.014677276646312944	-0.014716214228354637	-0.007244356346709881	-0.01411545022116202	-0.011939102401833815	-0.007945312834459449	-0.004071958621089713
trackRace	-0.008428913380836432	0.026676731064866007	0.006777624507432692	-0.01797694257979705	-0.013798896225431461	-0.029579571423027445	-0.0006081791923661871	-0.0010588311608016826	-0.0007708466665617824	0.0009269122355950986	0.0005426891236571692	0.0010777089058759284	-0.3913657973209441	-0.008517104335259533	0.010230776760707246	-0.0010588311608016765	-0.0018295796264616593	-0.9175641605134366	1.0	0.0004953512589680967	-0.010416546133024113	0.004161908480697624	0.00843783983265643	0.008504039433660572	0.0043930128726188955	0.008355233733158513	0.007505967653250018	0.005193227849555022	0.0072527853823343
driverBestStartingGridPosition	0.4608233725620654	0.4783425093115562	0.4768964658118274	0.002290535552669625	0.5326592534286916	0.039595025443058596	-0.37375716999010267	-0.29680454836825093	-0.22717325349853307	-0.169428972708252	-0.3138879741970122	-0.3020797948684843	0.0006387938588001238	0.07806643008865893	0.44558320774795784	0.015574982334051912	-0.4107246227291758	-0.005152122844633993	0.0004953512589680967	1.0	0.8769377430455119	-0.25176792167630657	-0.677266836039069	-0.6766405287019134	-0.30839773935687087	-0.674913495220829	-0.4237557180669746	-0.32119362380895405	-0.703955202642464
driverBestRaceResult	0.46047425842610656	0.4855865815785476	0.4739735234191318	0.0007892865690321348	0.5271945533951415	0.047983676099321054	-0.38278740141303713	-0.3076960448672976	-0.2319026491962376	-0.17560096194373184	-0.320468148535881	-0.3077434602670688	0.008045670338698902	0.067778045774901	0.433009917465137	0.022502685018006913	-0.4071286958744634	0.010485443627921838	-0.010416546133024113	0.8769377430455119	1.0	-0.2535241370046707	-0.651706947520924	-0.6520294833784022	-0.3119722138858526	-0.6537317118709457	-0.42960422949595284	-0.3217013547707911	-0.6881301989873979
driverTotalChampionshipWins	-0.35362423587917446	-0.4053648433175449	-0.36297729742511475	-0.0015424661394757646	-0.3973002023228308	-0.060048942765640385	0.27354037329481556	0.3913399378405195	0.4112981505857911	0.02902223668332183	0.2627296572045518	0.273479402128119	-0.000901192695535707	-0.012012574418134612	-0.19060690015842408	-0.13744330085704207	0.2848386593777084	-0.006996013294075983	0.004161908480697624	-0.25176792167630657	-0.2535241370046707	1.0	0.5467366488617306	0.550665865562976	0.9906958618565967	0.5718166259717916	0.9144054418207788	0.9523271026715245	0.3596392407272811
driverTotalRaceEntries	-0.38595574524778076	-0.41580830228947446	-0.38895947146043447	0.005832351255132122	-0.44701169977353156	-0.026350546606856606	0.31599861489345465	0.287077477236444	0.24497962603954976	0.08231674311698367	0.24986238979001502	0.25135112416905375	-0.0030287243435460206	-0.03730052569351482	-0.3290439986535201	-0.046191719459919636	0.3322374168908328	-0.014677276646312944	0.00843783983265643	-0.677266836039069	-0.651706947520924	0.5467366488617306	1.0	0.9999561552088923	0.5907250035159768	0.997967512114977	0.7485909362152292	0.5716323563057962	0.6797910114631901
driverTotalRaceStarts	-0.3871169596561143	-0.41742786953029365	-0.39045885442442374	0.005815960059051412	-0.448225222675075	-0.02705339290449991	0.3170935689466536	0.2893674779703435	0.24728160226368368	0.08247804675950127	0.25119102230032714	0.25264548716956353	-0.00305737892637053	-0.03736813457401685	-0.32917796856141107	-0.04736880838358937	0.333404816128263	-0.014716214228354637	0.008504039433660572	-0.6766405287019134	-0.6520294833784022	0.550665865562976	0.9999561552088923	1.0	0.5948184681045687	0.9983058729418681	0.7519231650984028	0.5753350037029062	0.680240850549342
driverTotalRaceWins	-0.39671587728731406	-0.45126372981886664	-0.4111375533469968	-0.0012472314163378534	-0.4457358945696583	-0.06687124016921682	0.310849942903727	0.43028969290782865	0.44016765885902204	0.05234533104369405	0.30199373603641255	0.31147191625569315	-0.0011875583089700462	-0.022097879673238667	-0.22571364853045353	-0.15260866652325553	0.32968252494934236	-0.007244356346709881	0.0043930128726188955	-0.30839773935687087	-0.3119722138858526	0.9906958618565967	0.5907250035159768	0.5948184681045687	1.0	0.6178279676888804	0.9468952976530461	0.9650209873541008	0.4053010367843898
driverTotalRaceLaps	-0.3965474797999334	-0.4286936261187078	-0.40164603242441665	0.005460374277815868	-0.4582349564699025	-0.03385628099219016	0.3267377714864904	0.3048781825831988	0.26192827693671356	0.08648230626595534	0.2642402922978004	0.26678139172435344	-0.0032296787844578734	-0.039147514640237635	-0.3318103577878355	-0.055179211263670126	0.3425424519384621	-0.01411545022116202	0.008355233733158513	-0.674913495220829	-0.6537317118709457	0.5718166259717916	0.997967512114977	0.9983058729418681	0.6178279676888804	1.0	0.7723148486656882	0.6030641545061958	0.684381211233523
driverTotalPodiums	-0.4450663230011832	-0.49318814152769597	-0.4568045705947037	0.0004684539772553598	-0.5004211011385843	-0.06774038584217218	0.3479288172922484	0.45552828525743483	0.4379853350513278	0.1436676581067706	0.39024475469503467	0.4005833706223927	-0.0029644514834402877	-0.0354237271508053	-0.2718653814149937	-0.1550204084800506	0.37382783897001065	-0.011939102401833815	0.007505967653250018	-0.4237557180669746	-0.42960422949595284	0.9144054418207788	0.7485909362152292	0.7519231650984028	0.9468952976530461	0.7723148486656882	1.0	0.9370686523430944	0.4613483770360201
driverTotalPolePositions	-0.4124727069959618	-0.45980796140379265	-0.43088317209068216	-0.0011148289602010677	-0.46213350657927144	-0.07696209720241416	0.32308516288365186	0.44792517036865503	0.44822893241438033	0.1129576202632601	0.3574858276304814	0.38421850288812204	-0.0021264844572837518	-0.03706229472458677	-0.23197761372774436	-0.16260230642893364	0.34517281278293566	-0.007945312834459449	0.005193227849555022	-0.32119362380895405	-0.3217013547707911	0.9523271026715245	0.5716323563057962	0.5753350037029062	0.9650209873541008	0.6030641545061958	0.9370686523430944	1.0	0.3837538773798636
yearsActive	-0.39659562270026927	-0.42682554379835286	-0.41175557248674294	-0.0015373766747985814	-0.4671075175450989	-0.04250225063085974	0.33774829644998644	0.2817135172065481	0.22799956735214114	-0.04222894388262112	0.13577232790780958	0.12845055370236746	-0.005194484788088929	-0.05127755140982655	-0.3679955858092715	-0.0421316396269998	0.36633116782424147	-0.004071958621089713	0.0072527853823343	-0.703955202642464	-0.6881301989873979	0.3596392407272811	0.6797910114631901	0.680240850549342	0.4053010367843898	0.684381211233523	0.4613483770360201	0.3837538773798636	1.0
