	lastFPPositionNumber	resultsFinalPositionNumber	resultsStartingGridPositionNumber	grandPrixLaps	averagePracticePosition	DNF	resultsTop10	resultsTop5	resultsPodium	constructorTotalRaceStarts	constructorTotalRaceWins	constructorTotalPolePositions	turns	positionsGained	q1End	q2End	q3Top10	streetRace	trackRace	driverBestStartingGridPosition	driverBestRaceResult	driverTotalChampionshipWins	driverTotalRaceEntries	driverTotalRaceStarts	driverTotalRaceWins	driverTotalRaceLaps	driverTotalPodiums	driverTotalPolePositions	yearsActive
lastFPPositionNumber	1.0	0.6532568673300553	0.6988795312726427	-0.001956562759684681	0.8890796662480017	0.06249673746513074	-0.49273273792797107	-0.5280121548309814	-0.45228984410142353	-0.22107467549497598	-0.43922398565946347	-0.43994770362250696	0.002071017897150207	0.17702247123646908	0.5026939654381382	0.18833559754016915	-0.6076635321586267	0.00826829315644312	-0.008355216503944407	0.4605727115968582	0.458664631463156	-0.3514486787664395	-0.3831166495860079	-0.3842827046486765	-0.395378390665782	-0.39392325138968237	-0.4442585486967419	-0.4117139599152275	-0.39227816614000843
resultsFinalPositionNumber	0.6532568673300553	1.0	0.744444597669645	0.0028030892072603	0.7177980638544991	0.22394125588490857	-0.8510923416414294	-0.7745445262442853	-0.6457300442248878	-0.22859523611461502	-0.4742034097944121	-0.4690227108269342	-0.016605492896401453	-0.18809629025731334	0.5194804492585533	0.22420346885374481	-0.6503003746645935	-0.02690029610928108	0.02751790104713305	0.47943427089371005	0.4861748285156395	-0.4039932535563717	-0.4137345447794873	-0.4153751093903741	-0.45073598474229476	-0.42690424453110826	-0.4930685541465289	-0.4600108994584295	-0.424011231593265
resultsStartingGridPositionNumber	0.6988795312726427	0.744444597669645	1.0	-0.00478014779980048	0.7429971498920254	0.10272545135406654	-0.5705176755674449	-0.5933992443460293	-0.5238527770478019	-0.2057069619987038	-0.4403230023544331	-0.44009749125646014	0.004117520610999765	0.5032658866097383	0.6699366882896656	0.27049596771836815	-0.8415300115712631	-0.010008269568584447	0.007011211982594464	0.47723958854688897	0.4729151063269584	-0.3607122735050177	-0.38700636496402474	-0.3885170191372337	-0.4095529999147793	-0.39988476992075533	-0.45596950677131015	-0.4294741666970076	-0.4088384749456006
grandPrixLaps	-0.001956562759684681	0.0028030892072603	-0.00478014779980048	1.0	-0.0028799087651736155	0.0016141108527246678	0.00036294446687467605	0.0005195359369923036	0.0003782288348659204	0.0034286291974051537	0.0006449248549753622	0.0010701539701379163	-0.3701038193738589	-0.0008926864387917338	9.27787953911969e-05	0.0005195359369923827	0.0008977381366785849	0.0693959361144414	-0.01478144368377184	0.0030820171970064015	0.000718363213438886	-0.0015484670411296524	0.0055017421349179505	0.005485206935887534	-0.0012775882320359884	0.005142062666878628	0.0003813252008989077	-0.0011513121485989604	-0.0016706233595231168
averagePracticePosition	0.8890796662480017	0.7177980638544991	0.7429971498920254	-0.0028799087651736155	1.0	0.08144341274942737	-0.5401299162880808	-0.575809645029514	-0.4901427350235362	-0.21568813055265842	-0.4729078206921039	-0.4709400187093831	0.0052214975771034235	0.15874272717793042	0.5468787600944984	0.19339268561951375	-0.6514137175014972	0.013731965683892263	-0.01372940750188433	0.5317118770400527	0.524971735135273	-0.39464522392616275	-0.4441076236529542	-0.44532371406002724	-0.4438452461769651	-0.45555560046948634	-0.49892236730356326	-0.4609044738311481	-0.46257884628121726
DNF	0.06249673746513074	0.22394125588490857	0.10272545135406654	0.0016141108527246678	0.08144341274942737	1.0	-0.44226429134467593	-0.2562988870816738	-0.1865888816075571	0.00526599248442888	-0.0377298203963707	-0.03947551729558298	0.004668390752429703	-0.24118818162014327	0.04262125805656223	0.058329230149679466	-0.09443459741564791	0.028190665107114227	-0.030432524596882605	0.04451391300857749	0.05272085498696116	-0.0608224211106895	-0.029584553189859815	-0.030257888616405895	-0.06779459599284189	-0.03696806868576274	-0.0694389351997903	-0.07795005810680834	-0.04553588988783819
resultsTop10	-0.49273273792797107	-0.8510923416414294	-0.5705176755674449	0.00036294446687467605	-0.5401299162880808	-0.44226429134467593	1.0	0.5795152177048114	0.4218945215772349	0.15959953764333723	0.3346772545083734	0.33041148926839736	-0.0012211664213324345	0.17097850865507558	-0.4231315688976075	-0.17601510307149812	0.5315740551462417	0.0010909717572547733	-0.0006405212271000447	-0.37527126032527014	-0.38335098921384764	0.2733880394957828	0.3152029181713105	0.316297377583548	0.31123201998568245	0.32611791963356734	0.34898017919523766	0.32427745214329956	0.3361293562722825
resultsTop5	-0.5280121548309814	-0.7745445262442853	-0.5933992443460293	0.0005195359369923036	-0.575809645029514	-0.2562988870816738	0.5795152177048114	1.0	0.7280128436457003	0.2209101356646809	0.4537636017038009	0.45662424486410985	-0.0003835453847792279	0.07079192150086587	-0.3033266547074977	-0.2648971885367484	0.501036122605248	0.001415821159472498	-0.0010657113095404616	-0.2971921519802071	-0.3079428955432044	0.3903564463150862	0.2854937738701165	0.2877986045439215	0.4299452346592514	0.30346086727354277	0.4553791961771912	0.44762510245269116	0.2800622236391174
resultsPodium	-0.45228984410142353	-0.6457300442248878	-0.5238527770478019	0.0003782288348659204	-0.4901427350235362	-0.1865888816075571	0.4218945215772349	0.7280128436457003	1.0	0.13620110384756853	0.34502531903122385	0.34951754975232485	-0.0002792259662402867	0.017822297316353642	-0.2299076631636178	-0.21795480591527697	0.3954900995850716	0.001030735988401389	-0.0007758515209639765	-0.22788859087434266	-0.23252765536022918	0.4076976811753424	0.24233431670661465	0.24464469373972914	0.43738947770138786	0.25940066698367936	0.4358028177435735	0.4458486835633293	0.22547151821282335
constructorTotalRaceStarts	-0.22107467549497598	-0.22859523611461502	-0.2057069619987038	0.0034286291974051537	-0.21568813055265842	0.00526599248442888	0.15959953764333723	0.2209101356646809	0.13620110384756853	1.0	0.8887740549604263	0.8867540707260101	-0.0009603914391818475	-0.024156333408943315	-0.10952907484874186	-0.10474058733897092	0.1879156390682773	-0.005237664315670556	0.0015114454530538784	-0.1729630994937312	-0.1815238632832924	0.0324940122444615	0.0858112005752039	0.08598926145746108	0.056383968658423884	0.09043679256946195	0.14948792384683446	0.11746777172386087	-0.03658459074419589
constructorTotalRaceWins	-0.43922398565946347	-0.4742034097944121	-0.4403230023544331	0.0006449248549753622	-0.4729078206921039	-0.0377298203963707	0.3346772545083734	0.4537636017038009	0.34502531903122385	0.8887740549604263	1.0	0.9902586930118004	-0.0014201119195478746	-0.05095775685466337	-0.2486298759669542	-0.19085136092882887	0.385798038390595	-0.00092122359528805	0.0006149607811159008	-0.3168796624307056	-0.3230427955616921	0.2636391391835262	0.2501421622900805	0.25147976318507903	0.3033467138125433	0.2649116952004866	0.39306179811529485	0.35904050773305285	0.13757775392196062
constructorTotalPolePositions	-0.43994770362250696	-0.4690227108269342	-0.44009749125646014	0.0010701539701379163	-0.4709400187093831	-0.03947551729558298	0.33041148926839736	0.45662424486410985	0.34951754975232485	0.8867540707260101	0.9902586930118004	1.0	-0.0016975954557779227	-0.055404530793866265	-0.23978632350040135	-0.19639943768267604	0.38272361912834957	-0.0019150895091108872	0.0011918022007191868	-0.305427837005333	-0.3107131831964766	0.2744215752344615	0.2518263650564428	0.2531301543011366	0.3123886524792333	0.2676274859448032	0.40300828082938495	0.385232922490871	0.13070292398900057
turns	0.002071017897150207	-0.016605492896401453	0.004117520610999765	-0.3701038193738589	0.0052214975771034235	0.004668390752429703	-0.0012211664213324345	-0.0003835453847792279	-0.0002792259662402867	-0.0009603914391818475	-0.0014201119195478746	-0.0016975954557779227	1.0	0.01202268209491036	-0.002485242411464417	-0.0003835453847792857	-0.0006627516877017842	0.3764610939982889	-0.3910079693079863	0.0018084517864146638	0.010902304096562374	-0.0015069530967933517	-0.006621303704334705	-0.0066444239588450815	-0.001961216412306757	-0.006741834774617167	-0.0044775972771819335	-0.0029774936140380837	-0.007634676743578676
positionsGained	0.17702247123646908	-0.18809629025731334	0.5032658866097383	-0.0008926864387917338	0.15874272717793042	-0.24118818162014327	0.17097850865507558	0.07079192150086587	0.017822297316353642	-0.024156333408943315	-0.05095775685466337	-0.055404530793866265	0.01202268209491036	1.0	0.31998925436203945	0.10466757112064376	-0.40134987799955846	0.006176889194457199	-0.00833828059790122	0.07658016603488357	0.06592032276424822	-0.009986512537698009	-0.03581104630892448	-0.03589073465340057	-0.020053176366976747	-0.037664554654347454	-0.03390133448368485	-0.03429346552678163	-0.04943435067998603
q1End	0.5026939654381382	0.5194804492585533	0.6699366882896656	9.27787953911969e-05	0.5468787600944984	0.04262125805656223	-0.4231315688976075	-0.3033266547074977	-0.2299076631636178	-0.10952907484874186	-0.2486298759669542	-0.23978632350040135	-0.002485242411464417	0.31998925436203945	1.0	-0.32203915984201376	-0.5564712943011425	-0.01139313076098548	0.009665071972261645	0.4414510931975279	0.42727961236493917	-0.19007028185815383	-0.3257421185629237	-0.3259003228052651	-0.22544172642928567	-0.32883056019116486	-0.27175140535960457	-0.2322427835312017	-0.3623226007557877
q2End	0.18833559754016915	0.22420346885374481	0.27049596771836815	0.0005195359369923827	0.19339268561951375	0.058329230149679466	-0.17601510307149812	-0.2648971885367484	-0.21795480591527697	-0.10474058733897092	-0.19085136092882887	-0.19639943768267604	-0.0003835453847792857	0.10466757112064376	-0.32203915984201376	1.0	-0.5705284324381907	0.001415821159472542	-0.001065711309540456	0.021095477093567835	0.02887182970649977	-0.13404971126850845	-0.04784410070229731	-0.04898375064871942	-0.14964265270044064	-0.056594603805805374	-0.15285019529767105	-0.15924522372520597	-0.04546742634099386
q3Top10	-0.6076635321586267	-0.6503003746645935	-0.8415300115712631	0.0008977381366785849	-0.6514137175014972	-0.09443459741564791	0.5315740551462417	0.501036122605248	0.3954900995850716	0.1879156390682773	0.385798038390595	0.38272361912834957	-0.0006627516877017842	-0.40134987799955846	-0.5564712943011425	-0.5705284324381907	1.0	0.002446484562613806	-0.0018415081944142392	-0.4117793285027303	-0.4075170885425374	0.28156922880363344	0.3309868351200717	0.3321524591658597	0.3270295965391733	0.34137825658227283	0.3720967287736387	0.3426392793854316	0.364423582550941
streetRace	0.00826829315644312	-0.02690029610928108	-0.010008269568584447	0.0693959361144414	0.013731965683892263	0.028190665107114227	0.0010909717572547733	0.001415821159472498	0.001030735988401389	-0.005237664315670556	-0.00092122359528805	-0.0019150895091108872	0.3764610939982889	0.006176889194457199	-0.01139313076098548	0.001415821159472542	0.002446484562613806	1.0	-0.9187271770494839	-0.0038465200540123007	0.013301938872462614	-0.00743293616563781	-0.017343369369161792	-0.017376959538790038	-0.007714993144541223	-0.016702306864989646	-0.012953775663104605	-0.008482202145880963	-0.0060202235300533995
trackRace	-0.008355216503944407	0.02751790104713305	0.007011211982594464	-0.01478144368377184	-0.01372940750188433	-0.030432524596882605	-0.0006405212271000447	-0.0010657113095404616	-0.0007758515209639765	0.0015114454530538784	0.0006149607811159008	0.0011918022007191868	-0.3910079693079863	-0.00833828059790122	0.009665071972261645	-0.001065711309540456	-0.0018415081944142392	-0.9187271770494839	1.0	-0.0006316664462555568	-0.012816428946308809	0.0045524850169845745	0.010854152528669751	0.010915615287372426	0.004837663277180013	0.010702689429022815	0.008451424464278382	0.005690028428627877	0.008871811185024385
driverBestStartingGridPosition	0.4605727115968582	0.47943427089371005	0.47723958854688897	0.0030820171970064015	0.5317118770400527	0.04451391300857749	-0.37527126032527014	-0.2971921519802071	-0.22788859087434266	-0.1729630994937312	-0.3168796624307056	-0.305427837005333	0.0018084517864146638	0.07658016603488357	0.4414510931975279	0.021095477093567835	-0.4117793285027303	-0.0038465200540123007	-0.0006316664462555568	1.0	0.8767142897056994	-0.2520798816490428	-0.6794784927077113	-0.6788667173558021	-0.3089105291331398	-0.6774425629587244	-0.4252602963841773	-0.32221818365121024	-0.7034247107500878
driverBestRaceResult	0.458664631463156	0.4861748285156395	0.4729151063269584	0.000718363213438886	0.524971735135273	0.05272085498696116	-0.38335098921384764	-0.3079428955432044	-0.23252765536022918	-0.1815238632832924	-0.3230427955616921	-0.3107131831964766	0.010902304096562374	0.06592032276424822	0.42727961236493917	0.02887182970649977	-0.4075170885425374	0.013301938872462614	-0.012816428946308809	0.8767142897056994	1.0	-0.2537422832128739	-0.6544073403044982	-0.65473306723633	-0.31237181354965404	-0.6564657798151626	-0.43098297083458387	-0.3226137818939317	-0.6887054207451911
driverTotalChampionshipWins	-0.3514486787664395	-0.4039932535563717	-0.3607122735050177	-0.0015484670411296524	-0.39464522392616275	-0.0608224211106895	0.2733880394957828	0.3903564463150862	0.4076976811753424	0.0324940122444615	0.2636391391835262	0.2744215752344615	-0.0015069530967933517	-0.009986512537698009	-0.19007028185815383	-0.13404971126850845	0.28156922880363344	-0.00743293616563781	0.0045524850169845745	-0.2520798816490428	-0.2537422832128739	1.0	0.5488117224640331	0.552738936692778	0.990492902321562	0.5740366419560283	0.9147717624872025	0.9536790696511205	0.36084853196506195
driverTotalRaceEntries	-0.3831166495860079	-0.4137345447794873	-0.38700636496402474	0.0055017421349179505	-0.4441076236529542	-0.029584553189859815	0.3152029181713105	0.2854937738701165	0.24233431670661465	0.0858112005752039	0.2501421622900805	0.2518263650564428	-0.006621303704334705	-0.03581104630892448	-0.3257421185629237	-0.04784410070229731	0.3309868351200717	-0.017343369369161792	0.010854152528669751	-0.6794784927077113	-0.6544073403044982	0.5488117224640331	1.0	0.9999564332847667	0.5904351575443626	0.997977423236676	0.747354677207168	0.5720739937268077	0.685707465091546
driverTotalRaceStarts	-0.3842827046486765	-0.4153751093903741	-0.3885170191372337	0.005485206935887534	-0.44532371406002724	-0.030257888616405895	0.316297377583548	0.2877986045439215	0.24464469373972914	0.08598926145746108	0.25147976318507903	0.2531301543011366	-0.0066444239588450815	-0.03589073465340057	-0.3259003228052651	-0.04898375064871942	0.3321524591658597	-0.017376959538790038	0.010915615287372426	-0.6788667173558021	-0.65473306723633	0.552738936692778	0.9999564332847667	1.0	0.5945353621146737	0.9983110030568623	0.7507145986677958	0.5757905425211601	0.6861570766034711
driverTotalRaceWins	-0.395378390665782	-0.45073598474229476	-0.4095529999147793	-0.0012775882320359884	-0.4438452461769651	-0.06779459599284189	0.31123201998568245	0.4299452346592514	0.43738947770138786	0.056383968658423884	0.3033467138125433	0.3123886524792333	-0.001961216412306757	-0.020053176366976747	-0.22544172642928567	-0.14964265270044064	0.3270295965391733	-0.007714993144541223	0.004837663277180013	-0.3089105291331398	-0.31237181354965404	0.990492902321562	0.5904351575443626	0.5945353621146737	1.0	0.6176072576728904	0.946620236169525	0.9653094305653772	0.40655478063442135
driverTotalRaceLaps	-0.39392325138968237	-0.42690424453110826	-0.39988476992075533	0.005142062666878628	-0.45555560046948634	-0.03696806868576274	0.32611791963356734	0.30346086727354277	0.25940066698367936	0.09043679256946195	0.2649116952004866	0.2676274859448032	-0.006741834774617167	-0.037664554654347454	-0.32883056019116486	-0.056594603805805374	0.34137825658227283	-0.016702306864989646	0.010702689429022815	-0.6774425629587244	-0.6564657798151626	0.5740366419560283	0.997977423236676	0.9983110030568623	0.6176072576728904	1.0	0.7713174332335283	0.6035772221421913	0.6902767409677747
driverTotalPodiums	-0.4442585486967419	-0.4930685541465289	-0.45596950677131015	0.0003813252008989077	-0.49892236730356326	-0.0694389351997903	0.34898017919523766	0.4553791961771912	0.4358028177435735	0.14948792384683446	0.39306179811529485	0.40300828082938495	-0.0044775972771819335	-0.03390133448368485	-0.27175140535960457	-0.15285019529767105	0.3720967287736387	-0.012953775663104605	0.008451424464278382	-0.4252602963841773	-0.43098297083458387	0.9147717624872025	0.747354677207168	0.7507145986677958	0.946620236169525	0.7713174332335283	1.0	0.937691825653019	0.46252662165253156
driverTotalPolePositions	-0.4117139599152275	-0.4600108994584295	-0.4294741666970076	-0.0011513121485989604	-0.4609044738311481	-0.07795005810680834	0.32427745214329956	0.44762510245269116	0.4458486835633293	0.11746777172386087	0.35904050773305285	0.385232922490871	-0.0029774936140380837	-0.03429346552678163	-0.2322427835312017	-0.15924522372520597	0.3426392793854316	-0.008482202145880963	0.005690028428627877	-0.32221818365121024	-0.3226137818939317	0.9536790696511205	0.5720739937268077	0.5757905425211601	0.9653094305653772	0.6035772221421913	0.937691825653019	1.0	0.3858615117765745
yearsActive	-0.39227816614000843	-0.424011231593265	-0.4088384749456006	-0.0016706233595231168	-0.46257884628121726	-0.04553588988783819	0.3361293562722825	0.2800622236391174	0.22547151821282335	-0.03658459074419589	0.13757775392196062	0.13070292398900057	-0.007634676743578676	-0.04943435067998603	-0.3623226007557877	-0.04546742634099386	0.364423582550941	-0.0060202235300533995	0.008871811185024385	-0.7034247107500878	-0.6887054207451911	0.36084853196506195	0.685707465091546	0.6861570766034711	0.40655478063442135	0.6902767409677747	0.46252662165253156	0.3858615117765745	1.0
